72
X I U L Y P F V Z W T N 0 1 2 3 4 5 6 7 8 9 10 11 12 13 14 15 16 17 18 19 20 21 22 23 24 25 26 27 28 29 30 31 32 33 34 35 36 37 38 39 40 41 42 43 44 45 46 47 48 49 50 51 52 53 54 55 56 57 58 59 
6 0 13 22 23 24 33 
6 0 23 32 33 34 43 
6 0 33 42 43 44 53 
6 0 43 52 53 54 63 
6 0 14 23 24 25 34 
6 0 24 33 34 35 44 
6 0 34 43 44 45 54 
6 0 44 53 54 55 64 
6 0 15 24 25 26 35 
6 0 25 34 35 36 45 
6 0 35 44 45 46 55 
6 0 45 54 55 56 65 
6 0 16 25 26 27 36 
6 0 26 35 36 37 46 
6 0 36 45 46 47 56 
6 0 46 55 56 57 66 
6 0 17 26 27 28 37 
6 0 27 36 37 38 47 
6 0 37 46 47 48 57 
6 0 47 56 57 58 67 
6 0 18 27 28 29 38 
6 0 28 37 38 39 48 
6 0 38 47 48 49 58 
6 0 48 57 58 59 68 
6 0 19 28 29 30 39 
6 0 29 38 39 40 49 
6 0 39 48 49 50 59 
6 0 49 58 59 60 69 
6 0 20 29 30 31 40 
6 0 30 39 40 41 50 
6 0 40 49 50 51 60 
6 0 50 59 60 61 70 
6 1 12 13 14 15 16 
6 1 22 23 24 25 26 
6 1 32 33 34 35 36 
6 1 42 43 44 45 46 
6 1 52 53 54 55 56 
6 1 62 63 64 65 66 
6 1 13 14 15 16 17 
6 1 23 24 25 26 27 
6 1 33 34 35 36 37 
6 1 43 44 45 46 47 
6 1 53 54 55 56 57 
6 1 63 64 65 66 67 
6 1 14 15 16 17 18 
6 1 24 25 26 27 28 
6 1 34 35 36 37 38 
6 1 44 45 46 47 48 
6 1 54 55 56 57 58 
6 1 64 65 66 67 68 
6 1 15 16 17 18 19 
6 1 25 26 27 28 29 
6 1 35 36 37 38 39 
6 1 45 46 47 48 49 
6 1 55 56 57 58 59 
6 1 65 66 67 68 69 
6 1 16 17 18 19 20 
6 1 26 27 28 29 30 
6 1 36 37 38 39 40 
6 1 46 47 48 49 50 
6 1 56 57 58 59 60 
6 1 66 67 68 69 70 
6 1 17 18 19 20 21 
6 1 27 28 29 30 31 
6 1 37 38 39 40 41 
6 1 47 48 49 50 51 
6 1 57 58 59 60 61 
6 1 67 68 69 70 71 
6 1 12 22 32 42 52 
6 1 22 32 42 52 62 
6 1 13 23 33 43 53 
6 1 23 33 43 53 63 
6 1 14 24 34 44 54 
6 1 24 34 44 54 64 
6 1 15 25 35 45 55 
6 1 25 35 45 55 65 
6 1 16 26 36 46 56 
6 1 26 36 46 56 66 
6 1 17 27 37 47 57 
6 1 27 37 47 57 67 
6 1 18 28 38 48 58 
6 1 28 38 48 58 68 
6 1 19 29 39 49 59 
6 1 29 39 49 59 69 
6 1 20 30 40 50 60 
6 1 30 40 50 60 70 
6 1 21 31 41 51 61 
6 1 31 41 51 61 71 
6 2 12 14 22 23 24 
6 2 22 24 32 33 34 
6 2 32 34 42 43 44 
6 2 42 44 52 53 54 
6 2 52 54 62 63 64 
6 2 13 15 23 24 25 
6 2 23 25 33 34 35 
6 2 33 35 43 44 45 
6 2 43 45 53 54 55 
6 2 53 55 63 64 65 
6 2 14 16 24 25 26 
6 2 24 26 34 35 36 
6 2 34 36 44 45 46 
6 2 44 46 54 55 56 
6 2 54 56 64 65 66 
6 2 15 17 25 26 27 
6 2 25 27 35 36 37 
6 2 35 37 45 46 47 
6 2 45 47 55 56 57 
6 2 55 57 65 66 67 
6 2 16 18 26 27 28 
6 2 26 28 36 37 38 
6 2 36 38 46 47 48 
6 2 46 48 56 57 58 
6 2 56 58 66 67 68 
6 2 17 19 27 28 29 
6 2 27 29 37 38 39 
6 2 37 39 47 48 49 
6 2 47 49 57 58 59 
6 2 57 59 67 68 69 
6 2 18 20 28 29 30 
6 2 28 30 38 39 40 
6 2 38 40 48 49 50 
6 2 48 50 58 59 60 
6 2 58 60 68 69 70 
6 2 19 21 29 30 31 
6 2 29 31 39 40 41 
6 2 39 41 49 50 51 
6 2 49 51 59 60 61 
6 2 59 61 69 70 71 
6 2 12 13 14 22 24 
6 2 22 23 24 32 34 
6 2 32 33 34 42 44 
6 2 42 43 44 52 54 
6 2 52 53 54 62 64 
6 2 13 14 15 23 25 
6 2 23 24 25 33 35 
6 2 33 34 35 43 45 
6 2 43 44 45 53 55 
6 2 53 54 55 63 65 
6 2 14 15 16 24 26 
6 2 24 25 26 34 36 
6 2 34 35 36 44 46 
6 2 44 45 46 54 56 
6 2 54 55 56 64 66 
6 2 15 16 17 25 27 
6 2 25 26 27 35 37 
6 2 35 36 37 45 47 
6 2 45 46 47 55 57 
6 2 55 56 57 65 67 
6 2 16 17 18 26 28 
6 2 26 27 28 36 38 
6 2 36 37 38 46 48 
6 2 46 47 48 56 58 
6 2 56 57 58 66 68 
6 2 17 18 19 27 29 
6 2 27 28 29 37 39 
6 2 37 38 39 47 49 
6 2 47 48 49 57 59 
6 2 57 58 59 67 69 
6 2 18 19 20 28 30 
6 2 28 29 30 38 40 
6 2 38 39 40 48 50 
6 2 48 49 50 58 60 
6 2 58 59 60 68 70 
6 2 19 20 21 29 31 
6 2 29 30 31 39 41 
6 2 39 40 41 49 51 
6 2 49 50 51 59 61 
6 2 59 60 61 69 71 
6 2 12 13 22 32 33 
6 2 22 23 32 42 43 
6 2 32 33 42 52 53 
6 2 42 43 52 62 63 
6 2 13 14 23 33 34 
6 2 23 24 33 43 44 
6 2 33 34 43 53 54 
6 2 43 44 53 63 64 
6 2 14 15 24 34 35 
6 2 24 25 34 44 45 
6 2 34 35 44 54 55 
6 2 44 45 54 64 65 
6 2 15 16 25 35 36 
6 2 25 26 35 45 46 
6 2 35 36 45 55 56 
6 2 45 46 55 65 66 
6 2 16 17 26 36 37 
6 2 26 27 36 46 47 
6 2 36 37 46 56 57 
6 2 46 47 56 66 67 
6 2 17 18 27 37 38 
6 2 27 28 37 47 48 
6 2 37 38 47 57 58 
6 2 47 48 57 67 68 
6 2 18 19 28 38 39 
6 2 28 29 38 48 49 
6 2 38 39 48 58 59 
6 2 48 49 58 68 69 
6 2 19 20 29 39 40 
6 2 29 30 39 49 50 
6 2 39 40 49 59 60 
6 2 49 50 59 69 70 
6 2 20 21 30 40 41 
6 2 30 31 40 50 51 
6 2 40 41 50 60 61 
6 2 50 51 60 70 71 
6 2 12 13 23 32 33 
6 2 22 23 33 42 43 
6 2 32 33 43 52 53 
6 2 42 43 53 62 63 
6 2 13 14 24 33 34 
6 2 23 24 34 43 44 
6 2 33 34 44 53 54 
6 2 43 44 54 63 64 
6 2 14 15 25 34 35 
6 2 24 25 35 44 45 
6 2 34 35 45 54 55 
6 2 44 45 55 64 65 
6 2 15 16 26 35 36 
6 2 25 26 36 45 46 
6 2 35 36 46 55 56 
6 2 45 46 56 65 66 
6 2 16 17 27 36 37 
6 2 26 27 37 46 47 
6 2 36 37 47 56 57 
6 2 46 47 57 66 67 
6 2 17 18 28 37 38 
6 2 27 28 38 47 48 
6 2 37 38 48 57 58 
6 2 47 48 58 67 68 
6 2 18 19 29 38 39 
6 2 28 29 39 48 49 
6 2 38 39 49 58 59 
6 2 48 49 59 68 69 
6 2 19 20 30 39 40 
6 2 29 30 40 49 50 
6 2 39 40 50 59 60 
6 2 49 50 60 69 70 
6 2 20 21 31 40 41 
6 2 30 31 41 50 51 
6 2 40 41 51 60 61 
6 2 50 51 61 70 71 
6 3 12 13 14 15 25 
6 3 22 23 24 25 35 
6 3 32 33 34 35 45 
6 3 42 43 44 45 55 
6 3 52 53 54 55 65 
6 3 13 14 15 16 26 
6 3 23 24 25 26 36 
6 3 33 34 35 36 46 
6 3 43 44 45 46 56 
6 3 53 54 55 56 66 
6 3 14 15 16 17 27 
6 3 24 25 26 27 37 
6 3 34 35 36 37 47 
6 3 44 45 46 47 57 
6 3 54 55 56 57 67 
6 3 15 16 17 18 28 
6 3 25 26 27 28 38 
6 3 35 36 37 38 48 
6 3 45 46 47 48 58 
6 3 55 56 57 58 68 
6 3 16 17 18 19 29 
6 3 26 27 28 29 39 
6 3 36 37 38 39 49 
6 3 46 47 48 49 59 
6 3 56 57 58 59 69 
6 3 17 18 19 20 30 
6 3 27 28 29 30 40 
6 3 37 38 39 40 50 
6 3 47 48 49 50 60 
6 3 57 58 59 60 70 
6 3 18 19 20 21 31 
6 3 28 29 30 31 41 
6 3 38 39 40 41 51 
6 3 48 49 50 51 61 
6 3 58 59 60 61 71 
6 3 12 13 14 15 22 
6 3 22 23 24 25 32 
6 3 32 33 34 35 42 
6 3 42 43 44 45 52 
6 3 52 53 54 55 62 
6 3 13 14 15 16 23 
6 3 23 24 25 26 33 
6 3 33 34 35 36 43 
6 3 43 44 45 46 53 
6 3 53 54 55 56 63 
6 3 14 15 16 17 24 
6 3 24 25 26 27 34 
6 3 34 35 36 37 44 
6 3 44 45 46 47 54 
6 3 54 55 56 57 64 
6 3 15 16 17 18 25 
6 3 25 26 27 28 35 
6 3 35 36 37 38 45 
6 3 45 46 47 48 55 
6 3 55 56 57 58 65 
6 3 16 17 18 19 26 
6 3 26 27 28 29 36 
6 3 36 37 38 39 46 
6 3 46 47 48 49 56 
6 3 56 57 58 59 66 
6 3 17 18 19 20 27 
6 3 27 28 29 30 37 
6 3 37 38 39 40 47 
6 3 47 48 49 50 57 
6 3 57 58 59 60 67 
6 3 18 19 20 21 28 
6 3 28 29 30 31 38 
6 3 38 39 40 41 48 
6 3 48 49 50 51 58 
6 3 58 59 60 61 68 
6 3 12 22 23 24 25 
6 3 22 32 33 34 35 
6 3 32 42 43 44 45 
6 3 42 52 53 54 55 
6 3 52 62 63 64 65 
6 3 13 23 24 25 26 
6 3 23 33 34 35 36 
6 3 33 43 44 45 46 
6 3 43 53 54 55 56 
6 3 53 63 64 65 66 
6 3 14 24 25 26 27 
6 3 24 34 35 36 37 
6 3 34 44 45 46 47 
6 3 44 54 55 56 57 
6 3 54 64 65 66 67 
6 3 15 25 26 27 28 
6 3 25 35 36 37 38 
6 3 35 45 46 47 48 
6 3 45 55 56 57 58 
6 3 55 65 66 67 68 
6 3 16 26 27 28 29 
6 3 26 36 37 38 39 
6 3 36 46 47 48 49 
6 3 46 56 57 58 59 
6 3 56 66 67 68 69 
6 3 17 27 28 29 30 
6 3 27 37 38 39 40 
6 3 37 47 48 49 50 
6 3 47 57 58 59 60 
6 3 57 67 68 69 70 
6 3 18 28 29 30 31 
6 3 28 38 39 40 41 
6 3 38 48 49 50 51 
6 3 48 58 59 60 61 
6 3 58 68 69 70 71 
6 3 15 22 23 24 25 
6 3 25 32 33 34 35 
6 3 35 42 43 44 45 
6 3 45 52 53 54 55 
6 3 55 62 63 64 65 
6 3 16 23 24 25 26 
6 3 26 33 34 35 36 
6 3 36 43 44 45 46 
6 3 46 53 54 55 56 
6 3 56 63 64 65 66 
6 3 17 24 25 26 27 
6 3 27 34 35 36 37 
6 3 37 44 45 46 47 
6 3 47 54 55 56 57 
6 3 57 64 65 66 67 
6 3 18 25 26 27 28 
6 3 28 35 36 37 38 
6 3 38 45 46 47 48 
6 3 48 55 56 57 58 
6 3 58 65 66 67 68 
6 3 19 26 27 28 29 
6 3 29 36 37 38 39 
6 3 39 46 47 48 49 
6 3 49 56 57 58 59 
6 3 59 66 67 68 69 
6 3 20 27 28 29 30 
6 3 30 37 38 39 40 
6 3 40 47 48 49 50 
6 3 50 57 58 59 60 
6 3 60 67 68 69 70 
6 3 21 28 29 30 31 
6 3 31 38 39 40 41 
6 3 41 48 49 50 51 
6 3 51 58 59 60 61 
6 3 61 68 69 70 71 
6 3 13 23 33 42 43 
6 3 23 33 43 52 53 
6 3 33 43 53 62 63 
6 3 14 24 34 43 44 
6 3 24 34 44 53 54 
6 3 34 44 54 63 64 
6 3 15 25 35 44 45 
6 3 25 35 45 54 55 
6 3 35 45 55 64 65 
6 3 16 26 36 45 46 
6 3 26 36 46 55 56 
6 3 36 46 56 65 66 
6 3 17 27 37 46 47 
6 3 27 37 47 56 57 
6 3 37 47 57 66 67 
6 3 18 28 38 47 48 
6 3 28 38 48 57 58 
6 3 38 48 58 67 68 
6 3 19 29 39 48 49 
6 3 29 39 49 58 59 
6 3 39 49 59 68 69 
6 3 20 30 40 49 50 
6 3 30 40 50 59 60 
6 3 40 50 60 69 70 
6 3 21 31 41 50 51 
6 3 31 41 51 60 61 
6 3 41 51 61 70 71 
6 3 12 22 32 42 43 
6 3 22 32 42 52 53 
6 3 32 42 52 62 63 
6 3 13 23 33 43 44 
6 3 23 33 43 53 54 
6 3 33 43 53 63 64 
6 3 14 24 34 44 45 
6 3 24 34 44 54 55 
6 3 34 44 54 64 65 
6 3 15 25 35 45 46 
6 3 25 35 45 55 56 
6 3 35 45 55 65 66 
6 3 16 26 36 46 47 
6 3 26 36 46 56 57 
6 3 36 46 56 66 67 
6 3 17 27 37 47 48 
6 3 27 37 47 57 58 
6 3 37 47 57 67 68 
6 3 18 28 38 48 49 
6 3 28 38 48 58 59 
6 3 38 48 58 68 69 
6 3 19 29 39 49 50 
6 3 29 39 49 59 60 
6 3 39 49 59 69 70 
6 3 20 30 40 50 51 
6 3 30 40 50 60 61 
6 3 40 50 60 70 71 
6 3 12 13 22 32 42 
6 3 22 23 32 42 52 
6 3 32 33 42 52 62 
6 3 13 14 23 33 43 
6 3 23 24 33 43 53 
6 3 33 34 43 53 63 
6 3 14 15 24 34 44 
6 3 24 25 34 44 54 
6 3 34 35 44 54 64 
6 3 15 16 25 35 45 
6 3 25 26 35 45 55 
6 3 35 36 45 55 65 
6 3 16 17 26 36 46 
6 3 26 27 36 46 56 
6 3 36 37 46 56 66 
6 3 17 18 27 37 47 
6 3 27 28 37 47 57 
6 3 37 38 47 57 67 
6 3 18 19 28 38 48 
6 3 28 29 38 48 58 
6 3 38 39 48 58 68 
6 3 19 20 29 39 49 
6 3 29 30 39 49 59 
6 3 39 40 49 59 69 
6 3 20 21 30 40 50 
6 3 30 31 40 50 60 
6 3 40 41 50 60 70 
6 3 12 13 23 33 43 
6 3 22 23 33 43 53 
6 3 32 33 43 53 63 
6 3 13 14 24 34 44 
6 3 23 24 34 44 54 
6 3 33 34 44 54 64 
6 3 14 15 25 35 45 
6 3 24 25 35 45 55 
6 3 34 35 45 55 65 
6 3 15 16 26 36 46 
6 3 25 26 36 46 56 
6 3 35 36 46 56 66 
6 3 16 17 27 37 47 
6 3 26 27 37 47 57 
6 3 36 37 47 57 67 
6 3 17 18 28 38 48 
6 3 27 28 38 48 58 
6 3 37 38 48 58 68 
6 3 18 19 29 39 49 
6 3 28 29 39 49 59 
6 3 38 39 49 59 69 
6 3 19 20 30 40 50 
6 3 29 30 40 50 60 
6 3 39 40 50 60 70 
6 3 20 21 31 41 51 
6 3 30 31 41 51 61 
6 3 40 41 51 61 71 
6 4 12 13 14 15 24 
6 4 22 23 24 25 34 
6 4 32 33 34 35 44 
6 4 42 43 44 45 54 
6 4 52 53 54 55 64 
6 4 13 14 15 16 25 
6 4 23 24 25 26 35 
6 4 33 34 35 36 45 
6 4 43 44 45 46 55 
6 4 53 54 55 56 65 
6 4 14 15 16 17 26 
6 4 24 25 26 27 36 
6 4 34 35 36 37 46 
6 4 44 45 46 47 56 
6 4 54 55 56 57 66 
6 4 15 16 17 18 27 
6 4 25 26 27 28 37 
6 4 35 36 37 38 47 
6 4 45 46 47 48 57 
6 4 55 56 57 58 67 
6 4 16 17 18 19 28 
6 4 26 27 28 29 38 
6 4 36 37 38 39 48 
6 4 46 47 48 49 58 
6 4 56 57 58 59 68 
6 4 17 18 19 20 29 
6 4 27 28 29 30 39 
6 4 37 38 39 40 49 
6 4 47 48 49 50 59 
6 4 57 58 59 60 69 
6 4 18 19 20 21 30 
6 4 28 29 30 31 40 
6 4 38 39 40 41 50 
6 4 48 49 50 51 60 
6 4 58 59 60 61 70 
6 4 12 13 14 15 23 
6 4 22 23 24 25 33 
6 4 32 33 34 35 43 
6 4 42 43 44 45 53 
6 4 52 53 54 55 63 
6 4 13 14 15 16 24 
6 4 23 24 25 26 34 
6 4 33 34 35 36 44 
6 4 43 44 45 46 54 
6 4 53 54 55 56 64 
6 4 14 15 16 17 25 
6 4 24 25 26 27 35 
6 4 34 35 36 37 45 
6 4 44 45 46 47 55 
6 4 54 55 56 57 65 
6 4 15 16 17 18 26 
6 4 25 26 27 28 36 
6 4 35 36 37 38 46 
6 4 45 46 47 48 56 
6 4 55 56 57 58 66 
6 4 16 17 18 19 27 
6 4 26 27 28 29 37 
6 4 36 37 38 39 47 
6 4 46 47 48 49 57 
6 4 56 57 58 59 67 
6 4 17 18 19 20 28 
6 4 27 28 29 30 38 
6 4 37 38 39 40 48 
6 4 47 48 49 50 58 
6 4 57 58 59 60 68 
6 4 18 19 20 21 29 
6 4 28 29 30 31 39 
6 4 38 39 40 41 49 
6 4 48 49 50 51 59 
6 4 58 59 60 61 69 
6 4 13 22 23 24 25 
6 4 23 32 33 34 35 
6 4 33 42 43 44 45 
6 4 43 52 53 54 55 
6 4 53 62 63 64 65 
6 4 14 23 24 25 26 
6 4 24 33 34 35 36 
6 4 34 43 44 45 46 
6 4 44 53 54 55 56 
6 4 54 63 64 65 66 
6 4 15 24 25 26 27 
6 4 25 34 35 36 37 
6 4 35 44 45 46 47 
6 4 45 54 55 56 57 
6 4 55 64 65 66 67 
6 4 16 25 26 27 28 
6 4 26 35 36 37 38 
6 4 36 45 46 47 48 
6 4 46 55 56 57 58 
6 4 56 65 66 67 68 
6 4 17 26 27 28 29 
6 4 27 36 37 38 39 
6 4 37 46 47 48 49 
6 4 47 56 57 58 59 
6 4 57 66 67 68 69 
6 4 18 27 28 29 30 
6 4 28 37 38 39 40 
6 4 38 47 48 49 50 
6 4 48 57 58 59 60 
6 4 58 67 68 69 70 
6 4 19 28 29 30 31 
6 4 29 38 39 40 41 
6 4 39 48 49 50 51 
6 4 49 58 59 60 61 
6 4 59 68 69 70 71 
6 4 14 22 23 24 25 
6 4 24 32 33 34 35 
6 4 34 42 43 44 45 
6 4 44 52 53 54 55 
6 4 54 62 63 64 65 
6 4 15 23 24 25 26 
6 4 25 33 34 35 36 
6 4 35 43 44 45 46 
6 4 45 53 54 55 56 
6 4 55 63 64 65 66 
6 4 16 24 25 26 27 
6 4 26 34 35 36 37 
6 4 36 44 45 46 47 
6 4 46 54 55 56 57 
6 4 56 64 65 66 67 
6 4 17 25 26 27 28 
6 4 27 35 36 37 38 
6 4 37 45 46 47 48 
6 4 47 55 56 57 58 
6 4 57 65 66 67 68 
6 4 18 26 27 28 29 
6 4 28 36 37 38 39 
6 4 38 46 47 48 49 
6 4 48 56 57 58 59 
6 4 58 66 67 68 69 
6 4 19 27 28 29 30 
6 4 29 37 38 39 40 
6 4 39 47 48 49 50 
6 4 49 57 58 59 60 
6 4 59 67 68 69 70 
6 4 20 28 29 30 31 
6 4 30 38 39 40 41 
6 4 40 48 49 50 51 
6 4 50 58 59 60 61 
6 4 60 68 69 70 71 
6 4 13 23 32 33 43 
6 4 23 33 42 43 53 
6 4 33 43 52 53 63 
6 4 14 24 33 34 44 
6 4 24 34 43 44 54 
6 4 34 44 53 54 64 
6 4 15 25 34 35 45 
6 4 25 35 44 45 55 
6 4 35 45 54 55 65 
6 4 16 26 35 36 46 
6 4 26 36 45 46 56 
6 4 36 46 55 56 66 
6 4 17 27 36 37 47 
6 4 27 37 46 47 57 
6 4 37 47 56 57 67 
6 4 18 28 37 38 48 
6 4 28 38 47 48 58 
6 4 38 48 57 58 68 
6 4 19 29 38 39 49 
6 4 29 39 48 49 59 
6 4 39 49 58 59 69 
6 4 20 30 39 40 50 
6 4 30 40 49 50 60 
6 4 40 50 59 60 70 
6 4 21 31 40 41 51 
6 4 31 41 50 51 61 
6 4 41 51 60 61 71 
6 4 12 22 32 33 42 
6 4 22 32 42 43 52 
6 4 32 42 52 53 62 
6 4 13 23 33 34 43 
6 4 23 33 43 44 53 
6 4 33 43 53 54 63 
6 4 14 24 34 35 44 
6 4 24 34 44 45 54 
6 4 34 44 54 55 64 
6 4 15 25 35 36 45 
6 4 25 35 45 46 55 
6 4 35 45 55 56 65 
6 4 16 26 36 37 46 
6 4 26 36 46 47 56 
6 4 36 46 56 57 66 
6 4 17 27 37 38 47 
6 4 27 37 47 48 57 
6 4 37 47 57 58 67 
6 4 18 28 38 39 48 
6 4 28 38 48 49 58 
6 4 38 48 58 59 68 
6 4 19 29 39 40 49 
6 4 29 39 49 50 59 
6 4 39 49 59 60 69 
6 4 20 30 40 41 50 
6 4 30 40 50 51 60 
6 4 40 50 60 61 70 
6 4 12 22 23 32 42 
6 4 22 32 33 42 52 
6 4 32 42 43 52 62 
6 4 13 23 24 33 43 
6 4 23 33 34 43 53 
6 4 33 43 44 53 63 
6 4 14 24 25 34 44 
6 4 24 34 35 44 54 
6 4 34 44 45 54 64 
6 4 15 25 26 35 45 
6 4 25 35 36 45 55 
6 4 35 45 46 55 65 
6 4 16 26 27 36 46 
6 4 26 36 37 46 56 
6 4 36 46 47 56 66 
6 4 17 27 28 37 47 
6 4 27 37 38 47 57 
6 4 37 47 48 57 67 
6 4 18 28 29 38 48 
6 4 28 38 39 48 58 
6 4 38 48 49 58 68 
6 4 19 29 30 39 49 
6 4 29 39 40 49 59 
6 4 39 49 50 59 69 
6 4 20 30 31 40 50 
6 4 30 40 41 50 60 
6 4 40 50 51 60 70 
6 4 13 22 23 33 43 
6 4 23 32 33 43 53 
6 4 33 42 43 53 63 
6 4 14 23 24 34 44 
6 4 24 33 34 44 54 
6 4 34 43 44 54 64 
6 4 15 24 25 35 45 
6 4 25 34 35 45 55 
6 4 35 44 45 55 65 
6 4 16 25 26 36 46 
6 4 26 35 36 46 56 
6 4 36 45 46 56 66 
6 4 17 26 27 37 47 
6 4 27 36 37 47 57 
6 4 37 46 47 57 67 
6 4 18 27 28 38 48 
6 4 28 37 38 48 58 
6 4 38 47 48 58 68 
6 4 19 28 29 39 49 
6 4 29 38 39 49 59 
6 4 39 48 49 59 69 
6 4 20 29 30 40 50 
6 4 30 39 40 50 60 
6 4 40 49 50 60 70 
6 4 21 30 31 41 51 
6 4 31 40 41 51 61 
6 4 41 50 51 61 71 
6 5 13 22 23 32 33 
6 5 23 32 33 42 43 
6 5 33 42 43 52 53 
6 5 43 52 53 62 63 
6 5 14 23 24 33 34 
6 5 24 33 34 43 44 
6 5 34 43 44 53 54 
6 5 44 53 54 63 64 
6 5 15 24 25 34 35 
6 5 25 34 35 44 45 
6 5 35 44 45 54 55 
6 5 45 54 55 64 65 
6 5 16 25 26 35 36 
6 5 26 35 36 45 46 
6 5 36 45 46 55 56 
6 5 46 55 56 65 66 
6 5 17 26 27 36 37 
6 5 27 36 37 46 47 
6 5 37 46 47 56 57 
6 5 47 56 57 66 67 
6 5 18 27 28 37 38 
6 5 28 37 38 47 48 
6 5 38 47 48 57 58 
6 5 48 57 58 67 68 
6 5 19 28 29 38 39 
6 5 29 38 39 48 49 
6 5 39 48 49 58 59 
6 5 49 58 59 68 69 
6 5 20 29 30 39 40 
6 5 30 39 40 49 50 
6 5 40 49 50 59 60 
6 5 50 59 60 69 70 
6 5 21 30 31 40 41 
6 5 31 40 41 50 51 
6 5 41 50 51 60 61 
6 5 51 60 61 70 71 
6 5 12 22 23 32 33 
6 5 22 32 33 42 43 
6 5 32 42 43 52 53 
6 5 42 52 53 62 63 
6 5 13 23 24 33 34 
6 5 23 33 34 43 44 
6 5 33 43 44 53 54 
6 5 43 53 54 63 64 
6 5 14 24 25 34 35 
6 5 24 34 35 44 45 
6 5 34 44 45 54 55 
6 5 44 54 55 64 65 
6 5 15 25 26 35 36 
6 5 25 35 36 45 46 
6 5 35 45 46 55 56 
6 5 45 55 56 65 66 
6 5 16 26 27 36 37 
6 5 26 36 37 46 47 
6 5 36 46 47 56 57 
6 5 46 56 57 66 67 
6 5 17 27 28 37 38 
6 5 27 37 38 47 48 
6 5 37 47 48 57 58 
6 5 47 57 58 67 68 
6 5 18 28 29 38 39 
6 5 28 38 39 48 49 
6 5 38 48 49 58 59 
6 5 48 58 59 68 69 
6 5 19 29 30 39 40 
6 5 29 39 40 49 50 
6 5 39 49 50 59 60 
6 5 49 59 60 69 70 
6 5 20 30 31 40 41 
6 5 30 40 41 50 51 
6 5 40 50 51 60 61 
6 5 50 60 61 70 71 
6 5 12 13 22 23 32 
6 5 22 23 32 33 42 
6 5 32 33 42 43 52 
6 5 42 43 52 53 62 
6 5 13 14 23 24 33 
6 5 23 24 33 34 43 
6 5 33 34 43 44 53 
6 5 43 44 53 54 63 
6 5 14 15 24 25 34 
6 5 24 25 34 35 44 
6 5 34 35 44 45 54 
6 5 44 45 54 55 64 
6 5 15 16 25 26 35 
6 5 25 26 35 36 45 
6 5 35 36 45 46 55 
6 5 45 46 55 56 65 
6 5 16 17 26 27 36 
6 5 26 27 36 37 46 
6 5 36 37 46 47 56 
6 5 46 47 56 57 66 
6 5 17 18 27 28 37 
6 5 27 28 37 38 47 
6 5 37 38 47 48 57 
6 5 47 48 57 58 67 
6 5 18 19 28 29 38 
6 5 28 29 38 39 48 
6 5 38 39 48 49 58 
6 5 48 49 58 59 68 
6 5 19 20 29 30 39 
6 5 29 30 39 40 49 
6 5 39 40 49 50 59 
6 5 49 50 59 60 69 
6 5 20 21 30 31 40 
6 5 30 31 40 41 50 
6 5 40 41 50 51 60 
6 5 50 51 60 61 70 
6 5 12 13 22 23 33 
6 5 22 23 32 33 43 
6 5 32 33 42 43 53 
6 5 42 43 52 53 63 
6 5 13 14 23 24 34 
6 5 23 24 33 34 44 
6 5 33 34 43 44 54 
6 5 43 44 53 54 64 
6 5 14 15 24 25 35 
6 5 24 25 34 35 45 
6 5 34 35 44 45 55 
6 5 44 45 54 55 65 
6 5 15 16 25 26 36 
6 5 25 26 35 36 46 
6 5 35 36 45 46 56 
6 5 45 46 55 56 66 
6 5 16 17 26 27 37 
6 5 26 27 36 37 47 
6 5 36 37 46 47 57 
6 5 46 47 56 57 67 
6 5 17 18 27 28 38 
6 5 27 28 37 38 48 
6 5 37 38 47 48 58 
6 5 47 48 57 58 68 
6 5 18 19 28 29 39 
6 5 28 29 38 39 49 
6 5 38 39 48 49 59 
6 5 48 49 58 59 69 
6 5 19 20 29 30 40 
6 5 29 30 39 40 50 
6 5 39 40 49 50 60 
6 5 49 50 59 60 70 
6 5 20 21 30 31 41 
6 5 30 31 40 41 51 
6 5 40 41 50 51 61 
6 5 50 51 60 61 71 
6 5 12 13 22 23 24 
6 5 22 23 32 33 34 
6 5 32 33 42 43 44 
6 5 42 43 52 53 54 
6 5 52 53 62 63 64 
6 5 13 14 23 24 25 
6 5 23 24 33 34 35 
6 5 33 34 43 44 45 
6 5 43 44 53 54 55 
6 5 53 54 63 64 65 
6 5 14 15 24 25 26 
6 5 24 25 34 35 36 
6 5 34 35 44 45 46 
6 5 44 45 54 55 56 
6 5 54 55 64 65 66 
6 5 15 16 25 26 27 
6 5 25 26 35 36 37 
6 5 35 36 45 46 47 
6 5 45 46 55 56 57 
6 5 55 56 65 66 67 
6 5 16 17 26 27 28 
6 5 26 27 36 37 38 
6 5 36 37 46 47 48 
6 5 46 47 56 57 58 
6 5 56 57 66 67 68 
6 5 17 18 27 28 29 
6 5 27 28 37 38 39 
6 5 37 38 47 48 49 
6 5 47 48 57 58 59 
6 5 57 58 67 68 69 
6 5 18 19 28 29 30 
6 5 28 29 38 39 40 
6 5 38 39 48 49 50 
6 5 48 49 58 59 60 
6 5 58 59 68 69 70 
6 5 19 20 29 30 31 
6 5 29 30 39 40 41 
6 5 39 40 49 50 51 
6 5 49 50 59 60 61 
6 5 59 60 69 70 71 
6 5 13 14 22 23 24 
6 5 23 24 32 33 34 
6 5 33 34 42 43 44 
6 5 43 44 52 53 54 
6 5 53 54 62 63 64 
6 5 14 15 23 24 25 
6 5 24 25 33 34 35 
6 5 34 35 43 44 45 
6 5 44 45 53 54 55 
6 5 54 55 63 64 65 
6 5 15 16 24 25 26 
6 5 25 26 34 35 36 
6 5 35 36 44 45 46 
6 5 45 46 54 55 56 
6 5 55 56 64 65 66 
6 5 16 17 25 26 27 
6 5 26 27 35 36 37 
6 5 36 37 45 46 47 
6 5 46 47 55 56 57 
6 5 56 57 65 66 67 
6 5 17 18 26 27 28 
6 5 27 28 36 37 38 
6 5 37 38 46 47 48 
6 5 47 48 56 57 58 
6 5 57 58 66 67 68 
6 5 18 19 27 28 29 
6 5 28 29 37 38 39 
6 5 38 39 47 48 49 
6 5 48 49 57 58 59 
6 5 58 59 67 68 69 
6 5 19 20 28 29 30 
6 5 29 30 38 39 40 
6 5 39 40 48 49 50 
6 5 49 50 58 59 60 
6 5 59 60 68 69 70 
6 5 20 21 29 30 31 
6 5 30 31 39 40 41 
6 5 40 41 49 50 51 
6 5 50 51 59 60 61 
6 5 60 61 69 70 71 
6 5 12 13 14 23 24 
6 5 22 23 24 33 34 
6 5 32 33 34 43 44 
6 5 42 43 44 53 54 
6 5 52 53 54 63 64 
6 5 13 14 15 24 25 
6 5 23 24 25 34 35 
6 5 33 34 35 44 45 
6 5 43 44 45 54 55 
6 5 53 54 55 64 65 
6 5 14 15 16 25 26 
6 5 24 25 26 35 36 
6 5 34 35 36 45 46 
6 5 44 45 46 55 56 
6 5 54 55 56 65 66 
6 5 15 16 17 26 27 
6 5 25 26 27 36 37 
6 5 35 36 37 46 47 
6 5 45 46 47 56 57 
6 5 55 56 57 66 67 
6 5 16 17 18 27 28 
6 5 26 27 28 37 38 
6 5 36 37 38 47 48 
6 5 46 47 48 57 58 
6 5 56 57 58 67 68 
6 5 17 18 19 28 29 
6 5 27 28 29 38 39 
6 5 37 38 39 48 49 
6 5 47 48 49 58 59 
6 5 57 58 59 68 69 
6 5 18 19 20 29 30 
6 5 28 29 30 39 40 
6 5 38 39 40 49 50 
6 5 48 49 50 59 60 
6 5 58 59 60 69 70 
6 5 19 20 21 30 31 
6 5 29 30 31 40 41 
6 5 39 40 41 50 51 
6 5 49 50 51 60 61 
6 5 59 60 61 70 71 
6 5 12 13 14 22 23 
6 5 22 23 24 32 33 
6 5 32 33 34 42 43 
6 5 42 43 44 52 53 
6 5 52 53 54 62 63 
6 5 13 14 15 23 24 
6 5 23 24 25 33 34 
6 5 33 34 35 43 44 
6 5 43 44 45 53 54 
6 5 53 54 55 63 64 
6 5 14 15 16 24 25 
6 5 24 25 26 34 35 
6 5 34 35 36 44 45 
6 5 44 45 46 54 55 
6 5 54 55 56 64 65 
6 5 15 16 17 25 26 
6 5 25 26 27 35 36 
6 5 35 36 37 45 46 
6 5 45 46 47 55 56 
6 5 55 56 57 65 66 
6 5 16 17 18 26 27 
6 5 26 27 28 36 37 
6 5 36 37 38 46 47 
6 5 46 47 48 56 57 
6 5 56 57 58 66 67 
6 5 17 18 19 27 28 
6 5 27 28 29 37 38 
6 5 37 38 39 47 48 
6 5 47 48 49 57 58 
6 5 57 58 59 67 68 
6 5 18 19 20 28 29 
6 5 28 29 30 38 39 
6 5 38 39 40 48 49 
6 5 48 49 50 58 59 
6 5 58 59 60 68 69 
6 5 19 20 21 29 30 
6 5 29 30 31 39 40 
6 5 39 40 41 49 50 
6 5 49 50 51 59 60 
6 5 59 60 61 69 70 
6 6 13 22 23 24 32 
6 6 23 32 33 34 42 
6 6 33 42 43 44 52 
6 6 43 52 53 54 62 
6 6 14 23 24 25 33 
6 6 24 33 34 35 43 
6 6 34 43 44 45 53 
6 6 44 53 54 55 63 
6 6 15 24 25 26 34 
6 6 25 34 35 36 44 
6 6 35 44 45 46 54 
6 6 45 54 55 56 64 
6 6 16 25 26 27 35 
6 6 26 35 36 37 45 
6 6 36 45 46 47 55 
6 6 46 55 56 57 65 
6 6 17 26 27 28 36 
6 6 27 36 37 38 46 
6 6 37 46 47 48 56 
6 6 47 56 57 58 66 
6 6 18 27 28 29 37 
6 6 28 37 38 39 47 
6 6 38 47 48 49 57 
6 6 48 57 58 59 67 
6 6 19 28 29 30 38 
6 6 29 38 39 40 48 
6 6 39 48 49 50 58 
6 6 49 58 59 60 68 
6 6 20 29 30 31 39 
6 6 30 39 40 41 49 
6 6 40 49 50 51 59 
6 6 50 59 60 61 69 
6 6 13 22 23 24 34 
6 6 23 32 33 34 44 
6 6 33 42 43 44 54 
6 6 43 52 53 54 64 
6 6 14 23 24 25 35 
6 6 24 33 34 35 45 
6 6 34 43 44 45 55 
6 6 44 53 54 55 65 
6 6 15 24 25 26 36 
6 6 25 34 35 36 46 
6 6 35 44 45 46 56 
6 6 45 54 55 56 66 
6 6 16 25 26 27 37 
6 6 26 35 36 37 47 
6 6 36 45 46 47 57 
6 6 46 55 56 57 67 
6 6 17 26 27 28 38 
6 6 27 36 37 38 48 
6 6 37 46 47 48 58 
6 6 47 56 57 58 68 
6 6 18 27 28 29 39 
6 6 28 37 38 39 49 
6 6 38 47 48 49 59 
6 6 48 57 58 59 69 
6 6 19 28 29 30 40 
6 6 29 38 39 40 50 
6 6 39 48 49 50 60 
6 6 49 58 59 60 70 
6 6 20 29 30 31 41 
6 6 30 39 40 41 51 
6 6 40 49 50 51 61 
6 6 50 59 60 61 71 
6 6 14 22 23 24 33 
6 6 24 32 33 34 43 
6 6 34 42 43 44 53 
6 6 44 52 53 54 63 
6 6 15 23 24 25 34 
6 6 25 33 34 35 44 
6 6 35 43 44 45 54 
6 6 45 53 54 55 64 
6 6 16 24 25 26 35 
6 6 26 34 35 36 45 
6 6 36 44 45 46 55 
6 6 46 54 55 56 65 
6 6 17 25 26 27 36 
6 6 27 35 36 37 46 
6 6 37 45 46 47 56 
6 6 47 55 56 57 66 
6 6 18 26 27 28 37 
6 6 28 36 37 38 47 
6 6 38 46 47 48 57 
6 6 48 56 57 58 67 
6 6 19 27 28 29 38 
6 6 29 37 38 39 48 
6 6 39 47 48 49 58 
6 6 49 57 58 59 68 
6 6 20 28 29 30 39 
6 6 30 38 39 40 49 
6 6 40 48 49 50 59 
6 6 50 58 59 60 69 
6 6 21 29 30 31 40 
6 6 31 39 40 41 50 
6 6 41 49 50 51 60 
6 6 51 59 60 61 70 
6 6 12 22 23 24 33 
6 6 22 32 33 34 43 
6 6 32 42 43 44 53 
6 6 42 52 53 54 63 
6 6 13 23 24 25 34 
6 6 23 33 34 35 44 
6 6 33 43 44 45 54 
6 6 43 53 54 55 64 
6 6 14 24 25 26 35 
6 6 24 34 35 36 45 
6 6 34 44 45 46 55 
6 6 44 54 55 56 65 
6 6 15 25 26 27 36 
6 6 25 35 36 37 46 
6 6 35 45 46 47 56 
6 6 45 55 56 57 66 
6 6 16 26 27 28 37 
6 6 26 36 37 38 47 
6 6 36 46 47 48 57 
6 6 46 56 57 58 67 
6 6 17 27 28 29 38 
6 6 27 37 38 39 48 
6 6 37 47 48 49 58 
6 6 47 57 58 59 68 
6 6 18 28 29 30 39 
6 6 28 38 39 40 49 
6 6 38 48 49 50 59 
6 6 48 58 59 60 69 
6 6 19 29 30 31 40 
6 6 29 39 40 41 50 
6 6 39 49 50 51 60 
6 6 49 59 60 61 70 
6 6 12 13 23 24 33 
6 6 22 23 33 34 43 
6 6 32 33 43 44 53 
6 6 42 43 53 54 63 
6 6 13 14 24 25 34 
6 6 23 24 34 35 44 
6 6 33 34 44 45 54 
6 6 43 44 54 55 64 
6 6 14 15 25 26 35 
6 6 24 25 35 36 45 
6 6 34 35 45 46 55 
6 6 44 45 55 56 65 
6 6 15 16 26 27 36 
6 6 25 26 36 37 46 
6 6 35 36 46 47 56 
6 6 45 46 56 57 66 
6 6 16 17 27 28 37 
6 6 26 27 37 38 47 
6 6 36 37 47 48 57 
6 6 46 47 57 58 67 
6 6 17 18 28 29 38 
6 6 27 28 38 39 48 
6 6 37 38 48 49 58 
6 6 47 48 58 59 68 
6 6 18 19 29 30 39 
6 6 28 29 39 40 49 
6 6 38 39 49 50 59 
6 6 48 49 59 60 69 
6 6 19 20 30 31 40 
6 6 29 30 40 41 50 
6 6 39 40 50 51 60 
6 6 49 50 60 61 70 
6 6 13 14 22 23 33 
6 6 23 24 32 33 43 
6 6 33 34 42 43 53 
6 6 43 44 52 53 63 
6 6 14 15 23 24 34 
6 6 24 25 33 34 44 
6 6 34 35 43 44 54 
6 6 44 45 53 54 64 
6 6 15 16 24 25 35 
6 6 25 26 34 35 45 
6 6 35 36 44 45 55 
6 6 45 46 54 55 65 
6 6 16 17 25 26 36 
6 6 26 27 35 36 46 
6 6 36 37 45 46 56 
6 6 46 47 55 56 66 
6 6 17 18 26 27 37 
6 6 27 28 36 37 47 
6 6 37 38 46 47 57 
6 6 47 48 56 57 67 
6 6 18 19 27 28 38 
6 6 28 29 37 38 48 
6 6 38 39 47 48 58 
6 6 48 49 57 58 68 
6 6 19 20 28 29 39 
6 6 29 30 38 39 49 
6 6 39 40 48 49 59 
6 6 49 50 58 59 69 
6 6 20 21 29 30 40 
6 6 30 31 39 40 50 
6 6 40 41 49 50 60 
6 6 50 51 59 60 70 
6 6 13 22 23 33 34 
6 6 23 32 33 43 44 
6 6 33 42 43 53 54 
6 6 43 52 53 63 64 
6 6 14 23 24 34 35 
6 6 24 33 34 44 45 
6 6 34 43 44 54 55 
6 6 44 53 54 64 65 
6 6 15 24 25 35 36 
6 6 25 34 35 45 46 
6 6 35 44 45 55 56 
6 6 45 54 55 65 66 
6 6 16 25 26 36 37 
6 6 26 35 36 46 47 
6 6 36 45 46 56 57 
6 6 46 55 56 66 67 
6 6 17 26 27 37 38 
6 6 27 36 37 47 48 
6 6 37 46 47 57 58 
6 6 47 56 57 67 68 
6 6 18 27 28 38 39 
6 6 28 37 38 48 49 
6 6 38 47 48 58 59 
6 6 48 57 58 68 69 
6 6 19 28 29 39 40 
6 6 29 38 39 49 50 
6 6 39 48 49 59 60 
6 6 49 58 59 69 70 
6 6 20 29 30 40 41 
6 6 30 39 40 50 51 
6 6 40 49 50 60 61 
6 6 50 59 60 70 71 
6 6 13 23 24 32 33 
6 6 23 33 34 42 43 
6 6 33 43 44 52 53 
6 6 43 53 54 62 63 
6 6 14 24 25 33 34 
6 6 24 34 35 43 44 
6 6 34 44 45 53 54 
6 6 44 54 55 63 64 
6 6 15 25 26 34 35 
6 6 25 35 36 44 45 
6 6 35 45 46 54 55 
6 6 45 55 56 64 65 
6 6 16 26 27 35 36 
6 6 26 36 37 45 46 
6 6 36 46 47 55 56 
6 6 46 56 57 65 66 
6 6 17 27 28 36 37 
6 6 27 37 38 46 47 
6 6 37 47 48 56 57 
6 6 47 57 58 66 67 
6 6 18 28 29 37 38 
6 6 28 38 39 47 48 
6 6 38 48 49 57 58 
6 6 48 58 59 67 68 
6 6 19 29 30 38 39 
6 6 29 39 40 48 49 
6 6 39 49 50 58 59 
6 6 49 59 60 68 69 
6 6 20 30 31 39 40 
6 6 30 40 41 49 50 
6 6 40 50 51 59 60 
6 6 50 60 61 69 70 
6 7 12 13 14 24 34 
6 7 22 23 24 34 44 
6 7 32 33 34 44 54 
6 7 42 43 44 54 64 
6 7 13 14 15 25 35 
6 7 23 24 25 35 45 
6 7 33 34 35 45 55 
6 7 43 44 45 55 65 
6 7 14 15 16 26 36 
6 7 24 25 26 36 46 
6 7 34 35 36 46 56 
6 7 44 45 46 56 66 
6 7 15 16 17 27 37 
6 7 25 26 27 37 47 
6 7 35 36 37 47 57 
6 7 45 46 47 57 67 
6 7 16 17 18 28 38 
6 7 26 27 28 38 48 
6 7 36 37 38 48 58 
6 7 46 47 48 58 68 
6 7 17 18 19 29 39 
6 7 27 28 29 39 49 
6 7 37 38 39 49 59 
6 7 47 48 49 59 69 
6 7 18 19 20 30 40 
6 7 28 29 30 40 50 
6 7 38 39 40 50 60 
6 7 48 49 50 60 70 
6 7 19 20 21 31 41 
6 7 29 30 31 41 51 
6 7 39 40 41 51 61 
6 7 49 50 51 61 71 
6 7 12 13 14 22 32 
6 7 22 23 24 32 42 
6 7 32 33 34 42 52 
6 7 42 43 44 52 62 
6 7 13 14 15 23 33 
6 7 23 24 25 33 43 
6 7 33 34 35 43 53 
6 7 43 44 45 53 63 
6 7 14 15 16 24 34 
6 7 24 25 26 34 44 
6 7 34 35 36 44 54 
6 7 44 45 46 54 64 
6 7 15 16 17 25 35 
6 7 25 26 27 35 45 
6 7 35 36 37 45 55 
6 7 45 46 47 55 65 
6 7 16 17 18 26 36 
6 7 26 27 28 36 46 
6 7 36 37 38 46 56 
6 7 46 47 48 56 66 
6 7 17 18 19 27 37 
6 7 27 28 29 37 47 
6 7 37 38 39 47 57 
6 7 47 48 49 57 67 
6 7 18 19 20 28 38 
6 7 28 29 30 38 48 
6 7 38 39 40 48 58 
6 7 48 49 50 58 68 
6 7 19 20 21 29 39 
6 7 29 30 31 39 49 
6 7 39 40 41 49 59 
6 7 49 50 51 59 69 
6 7 12 22 32 33 34 
6 7 22 32 42 43 44 
6 7 32 42 52 53 54 
6 7 42 52 62 63 64 
6 7 13 23 33 34 35 
6 7 23 33 43 44 45 
6 7 33 43 53 54 55 
6 7 43 53 63 64 65 
6 7 14 24 34 35 36 
6 7 24 34 44 45 46 
6 7 34 44 54 55 56 
6 7 44 54 64 65 66 
6 7 15 25 35 36 37 
6 7 25 35 45 46 47 
6 7 35 45 55 56 57 
6 7 45 55 65 66 67 
6 7 16 26 36 37 38 
6 7 26 36 46 47 48 
6 7 36 46 56 57 58 
6 7 46 56 66 67 68 
6 7 17 27 37 38 39 
6 7 27 37 47 48 49 
6 7 37 47 57 58 59 
6 7 47 57 67 68 69 
6 7 18 28 38 39 40 
6 7 28 38 48 49 50 
6 7 38 48 58 59 60 
6 7 48 58 68 69 70 
6 7 19 29 39 40 41 
6 7 29 39 49 50 51 
6 7 39 49 59 60 61 
6 7 49 59 69 70 71 
6 7 14 24 32 33 34 
6 7 24 34 42 43 44 
6 7 34 44 52 53 54 
6 7 44 54 62 63 64 
6 7 15 25 33 34 35 
6 7 25 35 43 44 45 
6 7 35 45 53 54 55 
6 7 45 55 63 64 65 
6 7 16 26 34 35 36 
6 7 26 36 44 45 46 
6 7 36 46 54 55 56 
6 7 46 56 64 65 66 
6 7 17 27 35 36 37 
6 7 27 37 45 46 47 
6 7 37 47 55 56 57 
6 7 47 57 65 66 67 
6 7 18 28 36 37 38 
6 7 28 38 46 47 48 
6 7 38 48 56 57 58 
6 7 48 58 66 67 68 
6 7 19 29 37 38 39 
6 7 29 39 47 48 49 
6 7 39 49 57 58 59 
6 7 49 59 67 68 69 
6 7 20 30 38 39 40 
6 7 30 40 48 49 50 
6 7 40 50 58 59 60 
6 7 50 60 68 69 70 
6 7 21 31 39 40 41 
6 7 31 41 49 50 51 
6 7 41 51 59 60 61 
6 7 51 61 69 70 71 
6 8 12 13 23 34 43 
6 8 22 23 33 44 53 
6 8 32 33 43 54 63 
6 8 13 14 24 35 44 
6 8 23 24 34 45 54 
6 8 33 34 44 55 64 
6 8 14 15 25 36 45 
6 8 24 25 35 46 55 
6 8 34 35 45 56 65 
6 8 15 16 26 37 46 
6 8 25 26 36 47 56 
6 8 35 36 46 57 66 
6 8 16 17 27 38 47 
6 8 26 27 37 48 57 
6 8 36 37 47 58 67 
6 8 17 18 28 39 48 
6 8 27 28 38 49 58 
6 8 37 38 48 59 68 
6 8 18 19 29 40 49 
6 8 28 29 39 50 59 
6 8 38 39 49 60 69 
6 8 19 20 30 41 50 
6 8 29 30 40 51 60 
6 8 39 40 50 61 70 
6 8 13 14 23 32 43 
6 8 23 24 33 42 53 
6 8 33 34 43 52 63 
6 8 14 15 24 33 44 
6 8 24 25 34 43 54 
6 8 34 35 44 53 64 
6 8 15 16 25 34 45 
6 8 25 26 35 44 55 
6 8 35 36 45 54 65 
6 8 16 17 26 35 46 
6 8 26 27 36 45 56 
6 8 36 37 46 55 66 
6 8 17 18 27 36 47 
6 8 27 28 37 46 57 
6 8 37 38 47 56 67 
6 8 18 19 28 37 48 
6 8 28 29 38 47 58 
6 8 38 39 48 57 68 
6 8 19 20 29 38 49 
6 8 29 30 39 48 59 
6 8 39 40 49 58 69 
6 8 20 21 30 39 50 
6 8 30 31 40 49 60 
6 8 40 41 50 59 70 
6 8 13 22 33 43 44 
6 8 23 32 43 53 54 
6 8 33 42 53 63 64 
6 8 14 23 34 44 45 
6 8 24 33 44 54 55 
6 8 34 43 54 64 65 
6 8 15 24 35 45 46 
6 8 25 34 45 55 56 
6 8 35 44 55 65 66 
6 8 16 25 36 46 47 
6 8 26 35 46 56 57 
6 8 36 45 56 66 67 
6 8 17 26 37 47 48 
6 8 27 36 47 57 58 
6 8 37 46 57 67 68 
6 8 18 27 38 48 49 
6 8 28 37 48 58 59 
6 8 38 47 58 68 69 
6 8 19 28 39 49 50 
6 8 29 38 49 59 60 
6 8 39 48 59 69 70 
6 8 20 29 40 50 51 
6 8 30 39 50 60 61 
6 8 40 49 60 70 71 
6 8 13 24 33 42 43 
6 8 23 34 43 52 53 
6 8 33 44 53 62 63 
6 8 14 25 34 43 44 
6 8 24 35 44 53 54 
6 8 34 45 54 63 64 
6 8 15 26 35 44 45 
6 8 25 36 45 54 55 
6 8 35 46 55 64 65 
6 8 16 27 36 45 46 
6 8 26 37 46 55 56 
6 8 36 47 56 65 66 
6 8 17 28 37 46 47 
6 8 27 38 47 56 57 
6 8 37 48 57 66 67 
6 8 18 29 38 47 48 
6 8 28 39 48 57 58 
6 8 38 49 58 67 68 
6 8 19 30 39 48 49 
6 8 29 40 49 58 59 
6 8 39 50 59 68 69 
6 8 20 31 40 49 50 
6 8 30 41 50 59 60 
6 8 40 51 60 69 70 
6 8 15 22 24 25 33 
6 8 25 32 34 35 43 
6 8 35 42 44 45 53 
6 8 45 52 54 55 63 
6 8 16 23 25 26 34 
6 8 26 33 35 36 44 
6 8 36 43 45 46 54 
6 8 46 53 55 56 64 
6 8 17 24 26 27 35 
6 8 27 34 36 37 45 
6 8 37 44 46 47 55 
6 8 47 54 56 57 65 
6 8 18 25 27 28 36 
6 8 28 35 37 38 46 
6 8 38 45 47 48 56 
6 8 48 55 57 58 66 
6 8 19 26 28 29 37 
6 8 29 36 38 39 47 
6 8 39 46 48 49 57 
6 8 49 56 58 59 67 
6 8 20 27 29 30 38 
6 8 30 37 39 40 48 
6 8 40 47 49 50 58 
6 8 50 57 59 60 68 
6 8 21 28 30 31 39 
6 8 31 38 40 41 49 
6 8 41 48 50 51 59 
6 8 51 58 60 61 69 
6 8 12 22 23 25 34 
6 8 22 32 33 35 44 
6 8 32 42 43 45 54 
6 8 42 52 53 55 64 
6 8 13 23 24 26 35 
6 8 23 33 34 36 45 
6 8 33 43 44 46 55 
6 8 43 53 54 56 65 
6 8 14 24 25 27 36 
6 8 24 34 35 37 46 
6 8 34 44 45 47 56 
6 8 44 54 55 57 66 
6 8 15 25 26 28 37 
6 8 25 35 36 38 47 
6 8 35 45 46 48 57 
6 8 45 55 56 58 67 
6 8 16 26 27 29 38 
6 8 26 36 37 39 48 
6 8 36 46 47 49 58 
6 8 46 56 57 59 68 
6 8 17 27 28 30 39 
6 8 27 37 38 40 49 
6 8 37 47 48 50 59 
6 8 47 57 58 60 69 
6 8 18 28 29 31 40 
6 8 28 38 39 41 50 
6 8 38 48 49 51 60 
6 8 48 58 59 61 70 
6 8 14 22 23 25 32 
6 8 24 32 33 35 42 
6 8 34 42 43 45 52 
6 8 44 52 53 55 62 
6 8 15 23 24 26 33 
6 8 25 33 34 36 43 
6 8 35 43 44 46 53 
6 8 45 53 54 56 63 
6 8 16 24 25 27 34 
6 8 26 34 35 37 44 
6 8 36 44 45 47 54 
6 8 46 54 55 57 64 
6 8 17 25 26 28 35 
6 8 27 35 36 38 45 
6 8 37 45 46 48 55 
6 8 47 55 56 58 65 
6 8 18 26 27 29 36 
6 8 28 36 37 39 46 
6 8 38 46 47 49 56 
6 8 48 56 57 59 66 
6 8 19 27 28 30 37 
6 8 29 37 38 40 47 
6 8 39 47 48 50 57 
6 8 49 57 58 60 67 
6 8 20 28 29 31 38 
6 8 30 38 39 41 48 
6 8 40 48 49 51 58 
6 8 50 58 59 61 68 
6 8 13 22 24 25 35 
6 8 23 32 34 35 45 
6 8 33 42 44 45 55 
6 8 43 52 54 55 65 
6 8 14 23 25 26 36 
6 8 24 33 35 36 46 
6 8 34 43 45 46 56 
6 8 44 53 55 56 66 
6 8 15 24 26 27 37 
6 8 25 34 36 37 47 
6 8 35 44 46 47 57 
6 8 45 54 56 57 67 
6 8 16 25 27 28 38 
6 8 26 35 37 38 48 
6 8 36 45 47 48 58 
6 8 46 55 57 58 68 
6 8 17 26 28 29 39 
6 8 27 36 38 39 49 
6 8 37 46 48 49 59 
6 8 47 56 58 59 69 
6 8 18 27 29 30 40 
6 8 28 37 39 40 50 
6 8 38 47 49 50 60 
6 8 48 57 59 60 70 
6 8 19 28 30 31 41 
6 8 29 38 40 41 51 
6 8 39 48 50 51 61 
6 8 49 58 60 61 71 
6 9 12 13 23 24 34 
6 9 22 23 33 34 44 
6 9 32 33 43 44 54 
6 9 42 43 53 54 64 
6 9 13 14 24 25 35 
6 9 23 24 34 35 45 
6 9 33 34 44 45 55 
6 9 43 44 54 55 65 
6 9 14 15 25 26 36 
6 9 24 25 35 36 46 
6 9 34 35 45 46 56 
6 9 44 45 55 56 66 
6 9 15 16 26 27 37 
6 9 25 26 36 37 47 
6 9 35 36 46 47 57 
6 9 45 46 56 57 67 
6 9 16 17 27 28 38 
6 9 26 27 37 38 48 
6 9 36 37 47 48 58 
6 9 46 47 57 58 68 
6 9 17 18 28 29 39 
6 9 27 28 38 39 49 
6 9 37 38 48 49 59 
6 9 47 48 58 59 69 
6 9 18 19 29 30 40 
6 9 28 29 39 40 50 
6 9 38 39 49 50 60 
6 9 48 49 59 60 70 
6 9 19 20 30 31 41 
6 9 29 30 40 41 51 
6 9 39 40 50 51 61 
6 9 49 50 60 61 71 
6 9 13 14 22 23 32 
6 9 23 24 32 33 42 
6 9 33 34 42 43 52 
6 9 43 44 52 53 62 
6 9 14 15 23 24 33 
6 9 24 25 33 34 43 
6 9 34 35 43 44 53 
6 9 44 45 53 54 63 
6 9 15 16 24 25 34 
6 9 25 26 34 35 44 
6 9 35 36 44 45 54 
6 9 45 46 54 55 64 
6 9 16 17 25 26 35 
6 9 26 27 35 36 45 
6 9 36 37 45 46 55 
6 9 46 47 55 56 65 
6 9 17 18 26 27 36 
6 9 27 28 36 37 46 
6 9 37 38 46 47 56 
6 9 47 48 56 57 66 
6 9 18 19 27 28 37 
6 9 28 29 37 38 47 
6 9 38 39 47 48 57 
6 9 48 49 57 58 67 
6 9 19 20 28 29 38 
6 9 29 30 38 39 48 
6 9 39 40 48 49 58 
6 9 49 50 58 59 68 
6 9 20 21 29 30 39 
6 9 30 31 39 40 49 
6 9 40 41 49 50 59 
6 9 50 51 59 60 69 
6 9 12 22 23 33 34 
6 9 22 32 33 43 44 
6 9 32 42 43 53 54 
6 9 42 52 53 63 64 
6 9 13 23 24 34 35 
6 9 23 33 34 44 45 
6 9 33 43 44 54 55 
6 9 43 53 54 64 65 
6 9 14 24 25 35 36 
6 9 24 34 35 45 46 
6 9 34 44 45 55 56 
6 9 44 54 55 65 66 
6 9 15 25 26 36 37 
6 9 25 35 36 46 47 
6 9 35 45 46 56 57 
6 9 45 55 56 66 67 
6 9 16 26 27 37 38 
6 9 26 36 37 47 48 
6 9 36 46 47 57 58 
6 9 46 56 57 67 68 
6 9 17 27 28 38 39 
6 9 27 37 38 48 49 
6 9 37 47 48 58 59 
6 9 47 57 58 68 69 
6 9 18 28 29 39 40 
6 9 28 38 39 49 50 
6 9 38 48 49 59 60 
6 9 48 58 59 69 70 
6 9 19 29 30 40 41 
6 9 29 39 40 50 51 
6 9 39 49 50 60 61 
6 9 49 59 60 70 71 
6 9 14 23 24 32 33 
6 9 24 33 34 42 43 
6 9 34 43 44 52 53 
6 9 44 53 54 62 63 
6 9 15 24 25 33 34 
6 9 25 34 35 43 44 
6 9 35 44 45 53 54 
6 9 45 54 55 63 64 
6 9 16 25 26 34 35 
6 9 26 35 36 44 45 
6 9 36 45 46 54 55 
6 9 46 55 56 64 65 
6 9 17 26 27 35 36 
6 9 27 36 37 45 46 
6 9 37 46 47 55 56 
6 9 47 56 57 65 66 
6 9 18 27 28 36 37 
6 9 28 37 38 46 47 
6 9 38 47 48 56 57 
6 9 48 57 58 66 67 
6 9 19 28 29 37 38 
6 9 29 38 39 47 48 
6 9 39 48 49 57 58 
6 9 49 58 59 67 68 
6 9 20 29 30 38 39 
6 9 30 39 40 48 49 
6 9 40 49 50 58 59 
6 9 50 59 60 68 69 
6 9 21 30 31 39 40 
6 9 31 40 41 49 50 
6 9 41 50 51 59 60 
6 9 51 60 61 69 70 
6 10 12 13 14 23 33 
6 10 22 23 24 33 43 
6 10 32 33 34 43 53 
6 10 42 43 44 53 63 
6 10 13 14 15 24 34 
6 10 23 24 25 34 44 
6 10 33 34 35 44 54 
6 10 43 44 45 54 64 
6 10 14 15 16 25 35 
6 10 24 25 26 35 45 
6 10 34 35 36 45 55 
6 10 44 45 46 55 65 
6 10 15 16 17 26 36 
6 10 25 26 27 36 46 
6 10 35 36 37 46 56 
6 10 45 46 47 56 66 
6 10 16 17 18 27 37 
6 10 26 27 28 37 47 
6 10 36 37 38 47 57 
6 10 46 47 48 57 67 
6 10 17 18 19 28 38 
6 10 27 28 29 38 48 
6 10 37 38 39 48 58 
6 10 47 48 49 58 68 
6 10 18 19 20 29 39 
6 10 28 29 30 39 49 
6 10 38 39 40 49 59 
6 10 48 49 50 59 69 
6 10 19 20 21 30 40 
6 10 29 30 31 40 50 
6 10 39 40 41 50 60 
6 10 49 50 51 60 70 
6 10 13 23 32 33 34 
6 10 23 33 42 43 44 
6 10 33 43 52 53 54 
6 10 43 53 62 63 64 
6 10 14 24 33 34 35 
6 10 24 34 43 44 45 
6 10 34 44 53 54 55 
6 10 44 54 63 64 65 
6 10 15 25 34 35 36 
6 10 25 35 44 45 46 
6 10 35 45 54 55 56 
6 10 45 55 64 65 66 
6 10 16 26 35 36 37 
6 10 26 36 45 46 47 
6 10 36 46 55 56 57 
6 10 46 56 65 66 67 
6 10 17 27 36 37 38 
6 10 27 37 46 47 48 
6 10 37 47 56 57 58 
6 10 47 57 66 67 68 
6 10 18 28 37 38 39 
6 10 28 38 47 48 49 
6 10 38 48 57 58 59 
6 10 48 58 67 68 69 
6 10 19 29 38 39 40 
6 10 29 39 48 49 50 
6 10 39 49 58 59 60 
6 10 49 59 68 69 70 
6 10 20 30 39 40 41 
6 10 30 40 49 50 51 
6 10 40 50 59 60 61 
6 10 50 60 69 70 71 
6 10 14 22 23 24 34 
6 10 24 32 33 34 44 
6 10 34 42 43 44 54 
6 10 44 52 53 54 64 
6 10 15 23 24 25 35 
6 10 25 33 34 35 45 
6 10 35 43 44 45 55 
6 10 45 53 54 55 65 
6 10 16 24 25 26 36 
6 10 26 34 35 36 46 
6 10 36 44 45 46 56 
6 10 46 54 55 56 66 
6 10 17 25 26 27 37 
6 10 27 35 36 37 47 
6 10 37 45 46 47 57 
6 10 47 55 56 57 67 
6 10 18 26 27 28 38 
6 10 28 36 37 38 48 
6 10 38 46 47 48 58 
6 10 48 56 57 58 68 
6 10 19 27 28 29 39 
6 10 29 37 38 39 49 
6 10 39 47 48 49 59 
6 10 49 57 58 59 69 
6 10 20 28 29 30 40 
6 10 30 38 39 40 50 
6 10 40 48 49 50 60 
6 10 50 58 59 60 70 
6 10 21 29 30 31 41 
6 10 31 39 40 41 51 
6 10 41 49 50 51 61 
6 10 51 59 60 61 71 
6 10 12 22 23 24 32 
6 10 22 32 33 34 42 
6 10 32 42 43 44 52 
6 10 42 52 53 54 62 
6 10 13 23 24 25 33 
6 10 23 33 34 35 43 
6 10 33 43 44 45 53 
6 10 43 53 54 55 63 
6 10 14 24 25 26 34 
6 10 24 34 35 36 44 
6 10 34 44 45 46 54 
6 10 44 54 55 56 64 
6 10 15 25 26 27 35 
6 10 25 35 36 37 45 
6 10 35 45 46 47 55 
6 10 45 55 56 57 65 
6 10 16 26 27 28 36 
6 10 26 36 37 38 46 
6 10 36 46 47 48 56 
6 10 46 56 57 58 66 
6 10 17 27 28 29 37 
6 10 27 37 38 39 47 
6 10 37 47 48 49 57 
6 10 47 57 58 59 67 
6 10 18 28 29 30 38 
6 10 28 38 39 40 48 
6 10 38 48 49 50 58 
6 10 48 58 59 60 68 
6 10 19 29 30 31 39 
6 10 29 39 40 41 49 
6 10 39 49 50 51 59 
6 10 49 59 60 61 69 
6 11 12 22 32 33 43 
6 11 22 32 42 43 53 
6 11 32 42 52 53 63 
6 11 13 23 33 34 44 
6 11 23 33 43 44 54 
6 11 33 43 53 54 64 
6 11 14 24 34 35 45 
6 11 24 34 44 45 55 
6 11 34 44 54 55 65 
6 11 15 25 35 36 46 
6 11 25 35 45 46 56 
6 11 35 45 55 56 66 
6 11 16 26 36 37 47 
6 11 26 36 46 47 57 
6 11 36 46 56 57 67 
6 11 17 27 37 38 48 
6 11 27 37 47 48 58 
6 11 37 47 57 58 68 
6 11 18 28 38 39 49 
6 11 28 38 48 49 59 
6 11 38 48 58 59 69 
6 11 19 29 39 40 50 
6 11 29 39 49 50 60 
6 11 39 49 59 60 70 
6 11 20 30 40 41 51 
6 11 30 40 50 51 61 
6 11 40 50 60 61 71 
6 11 13 23 32 33 42 
6 11 23 33 42 43 52 
6 11 33 43 52 53 62 
6 11 14 24 33 34 43 
6 11 24 34 43 44 53 
6 11 34 44 53 54 63 
6 11 15 25 34 35 44 
6 11 25 35 44 45 54 
6 11 35 45 54 55 64 
6 11 16 26 35 36 45 
6 11 26 36 45 46 55 
6 11 36 46 55 56 65 
6 11 17 27 36 37 46 
6 11 27 37 46 47 56 
6 11 37 47 56 57 66 
6 11 18 28 37 38 47 
6 11 28 38 47 48 57 
6 11 38 48 57 58 67 
6 11 19 29 38 39 48 
6 11 29 39 48 49 58 
6 11 39 49 58 59 68 
6 11 20 30 39 40 49 
6 11 30 40 49 50 59 
6 11 40 50 59 60 69 
6 11 21 31 40 41 50 
6 11 31 41 50 51 60 
6 11 41 51 60 61 70 
6 11 12 22 23 33 43 
6 11 22 32 33 43 53 
6 11 32 42 43 53 63 
6 11 13 23 24 34 44 
6 11 23 33 34 44 54 
6 11 33 43 44 54 64 
6 11 14 24 25 35 45 
6 11 24 34 35 45 55 
6 11 34 44 45 55 65 
6 11 15 25 26 36 46 
6 11 25 35 36 46 56 
6 11 35 45 46 56 66 
6 11 16 26 27 37 47 
6 11 26 36 37 47 57 
6 11 36 46 47 57 67 
6 11 17 27 28 38 48 
6 11 27 37 38 48 58 
6 11 37 47 48 58 68 
6 11 18 28 29 39 49 
6 11 28 38 39 49 59 
6 11 38 48 49 59 69 
6 11 19 29 30 40 50 
6 11 29 39 40 50 60 
6 11 39 49 50 60 70 
6 11 20 30 31 41 51 
6 11 30 40 41 51 61 
6 11 40 50 51 61 71 
6 11 13 22 23 32 42 
6 11 23 32 33 42 52 
6 11 33 42 43 52 62 
6 11 14 23 24 33 43 
6 11 24 33 34 43 53 
6 11 34 43 44 53 63 
6 11 15 24 25 34 44 
6 11 25 34 35 44 54 
6 11 35 44 45 54 64 
6 11 16 25 26 35 45 
6 11 26 35 36 45 55 
6 11 36 45 46 55 65 
6 11 17 26 27 36 46 
6 11 27 36 37 46 56 
6 11 37 46 47 56 66 
6 11 18 27 28 37 47 
6 11 28 37 38 47 57 
6 11 38 47 48 57 67 
6 11 19 28 29 38 48 
6 11 29 38 39 48 58 
6 11 39 48 49 58 68 
6 11 20 29 30 39 49 
6 11 30 39 40 49 59 
6 11 40 49 50 59 69 
6 11 21 30 31 40 50 
6 11 31 40 41 50 60 
6 11 41 50 51 60 70 
6 11 13 14 15 22 23 
6 11 23 24 25 32 33 
6 11 33 34 35 42 43 
6 11 43 44 45 52 53 
6 11 53 54 55 62 63 
6 11 14 15 16 23 24 
6 11 24 25 26 33 34 
6 11 34 35 36 43 44 
6 11 44 45 46 53 54 
6 11 54 55 56 63 64 
6 11 15 16 17 24 25 
6 11 25 26 27 34 35 
6 11 35 36 37 44 45 
6 11 45 46 47 54 55 
6 11 55 56 57 64 65 
6 11 16 17 18 25 26 
6 11 26 27 28 35 36 
6 11 36 37 38 45 46 
6 11 46 47 48 55 56 
6 11 56 57 58 65 66 
6 11 17 18 19 26 27 
6 11 27 28 29 36 37 
6 11 37 38 39 46 47 
6 11 47 48 49 56 57 
6 11 57 58 59 66 67 
6 11 18 19 20 27 28 
6 11 28 29 30 37 38 
6 11 38 39 40 47 48 
6 11 48 49 50 57 58 
6 11 58 59 60 67 68 
6 11 19 20 21 28 29 
6 11 29 30 31 38 39 
6 11 39 40 41 48 49 
6 11 49 50 51 58 59 
6 11 59 60 61 68 69 
6 11 12 13 14 24 25 
6 11 22 23 24 34 35 
6 11 32 33 34 44 45 
6 11 42 43 44 54 55 
6 11 52 53 54 64 65 
6 11 13 14 15 25 26 
6 11 23 24 25 35 36 
6 11 33 34 35 45 46 
6 11 43 44 45 55 56 
6 11 53 54 55 65 66 
6 11 14 15 16 26 27 
6 11 24 25 26 36 37 
6 11 34 35 36 46 47 
6 11 44 45 46 56 57 
6 11 54 55 56 66 67 
6 11 15 16 17 27 28 
6 11 25 26 27 37 38 
6 11 35 36 37 47 48 
6 11 45 46 47 57 58 
6 11 55 56 57 67 68 
6 11 16 17 18 28 29 
6 11 26 27 28 38 39 
6 11 36 37 38 48 49 
6 11 46 47 48 58 59 
6 11 56 57 58 68 69 
6 11 17 18 19 29 30 
6 11 27 28 29 39 40 
6 11 37 38 39 49 50 
6 11 47 48 49 59 60 
6 11 57 58 59 69 70 
6 11 18 19 20 30 31 
6 11 28 29 30 40 41 
6 11 38 39 40 50 51 
6 11 48 49 50 60 61 
6 11 58 59 60 70 71 
6 11 14 15 22 23 24 
6 11 24 25 32 33 34 
6 11 34 35 42 43 44 
6 11 44 45 52 53 54 
6 11 54 55 62 63 64 
6 11 15 16 23 24 25 
6 11 25 26 33 34 35 
6 11 35 36 43 44 45 
6 11 45 46 53 54 55 
6 11 55 56 63 64 65 
6 11 16 17 24 25 26 
6 11 26 27 34 35 36 
6 11 36 37 44 45 46 
6 11 46 47 54 55 56 
6 11 56 57 64 65 66 
6 11 17 18 25 26 27 
6 11 27 28 35 36 37 
6 11 37 38 45 46 47 
6 11 47 48 55 56 57 
6 11 57 58 65 66 67 
6 11 18 19 26 27 28 
6 11 28 29 36 37 38 
6 11 38 39 46 47 48 
6 11 48 49 56 57 58 
6 11 58 59 66 67 68 
6 11 19 20 27 28 29 
6 11 29 30 37 38 39 
6 11 39 40 47 48 49 
6 11 49 50 57 58 59 
6 11 59 60 67 68 69 
6 11 20 21 28 29 30 
6 11 30 31 38 39 40 
6 11 40 41 48 49 50 
6 11 50 51 58 59 60 
6 11 60 61 68 69 70 
6 11 12 13 23 24 25 
6 11 22 23 33 34 35 
6 11 32 33 43 44 45 
6 11 42 43 53 54 55 
6 11 52 53 63 64 65 
6 11 13 14 24 25 26 
6 11 23 24 34 35 36 
6 11 33 34 44 45 46 
6 11 43 44 54 55 56 
6 11 53 54 64 65 66 
6 11 14 15 25 26 27 
6 11 24 25 35 36 37 
6 11 34 35 45 46 47 
6 11 44 45 55 56 57 
6 11 54 55 65 66 67 
6 11 15 16 26 27 28 
6 11 25 26 36 37 38 
6 11 35 36 46 47 48 
6 11 45 46 56 57 58 
6 11 55 56 66 67 68 
6 11 16 17 27 28 29 
6 11 26 27 37 38 39 
6 11 36 37 47 48 49 
6 11 46 47 57 58 59 
6 11 56 57 67 68 69 
6 11 17 18 28 29 30 
6 11 27 28 38 39 40 
6 11 37 38 48 49 50 
6 11 47 48 58 59 60 
6 11 57 58 68 69 70 
6 11 18 19 29 30 31 
6 11 28 29 39 40 41 
6 11 38 39 49 50 51 
6 11 48 49 59 60 61 
6 11 58 59 69 70 71 
